     0.641936     0.640643     0.639331     0.637897     0.636395
     0.634627     0.632847     0.631010     0.628728     0.626346
     0.623657     0.620861     0.617846     0.614809     0.611515
     0.607860     0.603903     0.599961     0.596013     0.592068
     0.587719     0.583394     0.579153     0.574928     0.570726
     0.566510     0.562120     0.557740     0.553415     0.549149
     0.544621     0.540145     0.535624     0.531083     0.526635
     0.522122     0.517747     0.513378     0.509054     0.505104
     0.501252     0.497466     0.493687     0.490087     0.486510
     0.483189     0.480175     0.477405     0.474690     0.471887
     0.469134     0.466566     0.464116     0.461530     0.459023
     0.456575     0.454093     0.451785     0.449540     0.447202
     0.444988     0.443206     0.441401     0.439580     0.437796
     0.436029     0.434395     0.432889     0.431389     0.429897
     0.428360     0.426825     0.425529     0.424334     0.423246
     0.422158     0.421071     0.420086     0.419164     0.418272
     0.417572     0.416966     0.416429     0.415900     0.415571
     0.415268     0.415004     0.414892     0.414781     0.414732
     0.414794     0.414794     0.414858     0.414995     0.415257
     0.415583     0.415921     0.416260     0.416497     0.416734
     0.416974     0.417333     0.417723     0.418097     0.418487
     0.418846     0.419169     0.419476     0.419748     0.420054
     0.420323     0.420629     0.420898     0.421154     0.421423
     0.421692     0.421961     0.422230     0.422395     0.422560
     0.422662     0.422763     0.422928     0.423030     0.423087
     0.423081     0.423011     0.422942     0.422873     0.422905
     0.342609     0.342406     0.342204     0.341833     0.341432
     0.340952     0.340465     0.339903     0.339296     0.338690
     0.338083     0.337399     0.336629     0.335819     0.335003
     0.334166     0.333216     0.332252     0.331217     0.329915
     0.328504     0.327060     0.325588     0.323996     0.322330
     0.320533     0.318711     0.316885     0.315105     0.313373
     0.311642     0.309939     0.308111     0.306247     0.304533
     0.302868     0.301264     0.299649     0.298109     0.296614
     0.295096     0.293559     0.292065     0.290631     0.289236
     0.287842     0.286443     0.285135     0.283804     0.282441
     0.281327     0.280339     0.279367     0.278440     0.277633
     0.276727     0.275910     0.275098     0.274292     0.273485
     0.272678     0.271784     0.270890     0.270135     0.269416
     0.268709     0.267946     0.267199     0.266464     0.265693
     0.264859     0.264044     0.263248     0.262354     0.261474
     0.260594     0.259680     0.258782     0.257915     0.257077
     0.256333     0.255584     0.254823     0.254062     0.253258
     0.252473     0.251802     0.251156     0.250587     0.250036
     0.249528     0.249025     0.248635     0.248272     0.247930
     0.247599     0.247263     0.246965     0.246637     0.246316
     0.245964     0.245676     0.245460     0.245244     0.245133
     0.245035     0.244938     0.244932     0.244885     0.244880
     0.244885     0.244918     0.244984     0.245064     0.245143
     0.245415     0.245804     0.246196     0.246668     0.247121
     0.247595     0.248045     0.248509     0.248988     0.249458
     0.250013     0.250663     0.251446     0.252348     0.253281
     0.254214     0.255214     0.256213     0.257143     0.258074
     0.259030     0.259987     0.260944     0.261848     0.262805
     0.263709     0.264614     0.265518     0.266393     0.251007
     0.251115     0.251222     0.251261     0.251369     0.251408
     0.251452     0.251560     0.251668     0.251918     0.252026
     0.252276     0.252384     0.252428     0.252504     0.252683
     0.252949     0.253275     0.253642     0.254015     0.254427
     0.254665     0.254946     0.255358     0.255730     0.256099
     0.256414     0.256783     0.257183     0.257641     0.258102
     0.258538     0.258891     0.259244     0.259625     0.259937
     0.260318     0.260641     0.260953     0.261265     0.261434
     0.261592     0.261501     0.261553     0.261668     0.261717
     0.261631     0.261521     0.261292     0.261008     0.260722
     0.260370     0.260005     0.259580     0.259099     0.258508
     0.257917     0.257397     0.256876     0.256172     0.255422
     0.254640     0.253763     0.252869     0.252070     0.251204
     0.250338     0.249580     0.248767     0.247901     0.246942
     0.245958     0.245104     0.244299     0.243494     0.242746
     0.242057     0.241399     0.240887     0.240473     0.240051
     0.239671     0.239312     0.238943     0.238557     0.238271
     0.238133     0.237990     0.237778     0.237566     0.237412
     0.237421     0.237352     0.237378     0.237529     0.237589
     0.237760     0.237999     0.238131     0.238360     0.238600
     0.238927     0.239311     0.239719     0.240185     0.240718
     0.241163     0.241645     0.242211     0.242623     0.243016
     0.243441     0.243795     0.244133     0.244479     0.244859
     0.245271     0.245688     0.246123     0.246544     0.246964
     0.247466     0.247805     0.248282     0.248943     0.249297
     0.249662     0.250009     0.250597     0.251405     0.252120
     0.252604     0.253336     0.254058     0.254757     0.255457
     0.256333     0.257017     0.257643     0.258161     0.258646
     0.259095     0.259528     0.259969     0.260448     0.260965
     0.261460     0.261902     0.262365     0.262791     0.263232
     0.263591     0.263950     0.264310     0.264639     0.264783
     0.265127     0.265456     0.265800     0.265835     0.265648
     0.265566     0.265705     0.265601     0.265474     0.265370
     0.265266     0.296086     0.295682     0.295235     0.294738
     0.294291     0.293844     0.293440     0.292939     0.292491
     0.292131     0.291684     0.291051     0.290419     0.289812
     0.289341     0.288871     0.288510     0.288153     0.287682
     0.287104     0.286527     0.286060     0.285678     0.284890
     0.284261     0.283880     0.283524     0.282921     0.282315
     0.281908     0.281545     0.280776     0.280137     0.279313
     0.278952     0.278585     0.278186     0.277744     0.277398
     0.276855     0.276225     0.275843     0.275661     0.275480
     0.275273     0.275278     0.275410     0.275559     0.275723
     0.276268     0.276653     0.277525     0.278287     0.278968
     0.280003     0.280709     0.281390     0.281775     0.282456
     0.283137     0.283716     0.284016     0.284709     0.285699
     0.286504     0.286844     0.287090     0.287320     0.287471
     0.287621     0.287850     0.288111     0.288164     0.288152
     0.288105     0.288029     0.287604     0.287053     0.286453
     0.285920     0.285117     0.284617     0.283751     0.282885
     0.282235     0.281416     0.280707     0.279997     0.279627
     0.278978     0.278348     0.278049     0.278173     0.278091
     0.277803     0.278069     0.278587     0.279084     0.279701
     0.280575     0.281555     0.282601     0.283613     0.284674
     0.285450     0.286261     0.287102     0.288331     0.289559
     0.290808     0.291975     0.293141     0.294349     0.295400
     0.296413     0.297376     0.298427     0.299538     0.300648
     0.301602     0.302615     0.303558     0.304348     0.305128
     0.305907     0.306836     0.307652     0.308266     0.308924
     0.309511     0.309975     0.310501     0.311341     0.312181
     0.313221     0.314394     0.315567     0.316770     0.317670
     0.318703     0.319852     0.320869     0.322186     0.323430
     0.324710     0.326028     0.327396     0.328375     0.329053
     0.330032     0.331400     0.332718     0.334086     0.335403
     0.336721     0.338039     0.339207     0.340347     0.341488
     0.342655     0.343823     0.344937     0.345883     0.346515
     0.347146     0.347578     0.348210     0.376489     0.375205
     0.373704     0.372203     0.370630     0.368964     0.367231
     0.365470     0.363679     0.361824     0.359913     0.357817
     0.355459     0.353028     0.350514     0.347867     0.344958
     0.341637     0.337880     0.334096     0.330421     0.326726
     0.323011     0.319323     0.315638     0.311956     0.308029
     0.303989     0.299896     0.295876     0.291877     0.288324
     0.284723     0.280923     0.277123     0.273382     0.269714
     0.266095     0.262467     0.258761     0.254979     0.251158
     0.247478     0.244046     0.240685     0.237404     0.234247
     0.231350     0.228860     0.226754     0.224824     0.222936
     0.221062     0.219173     0.217268     0.215355     0.213410
     0.211578     0.209840     0.208030     0.206114     0.204242
     0.202296     0.200434     0.198812     0.197083     0.195348
     0.193625     0.191927     0.190286     0.188752     0.187359
     0.186060     0.184779     0.183511     0.182207     0.180875
     0.179527     0.178168     0.176838     0.175559     0.174299
     0.173082     0.171874     0.170702     0.169606     0.168523
     0.167450     0.166550     0.165661     0.164911     0.164262
     0.163510     0.162691     0.161984     0.161378     0.160880
     0.160376     0.159863     0.159371     0.158828     0.158239
     0.157573     0.156885     0.156245     0.155564     0.154941
     0.154329     0.153731     0.153143     0.152571     0.151985
     0.151402     0.150785     0.150220     0.149697     0.149203
     0.148708     0.148280     0.147802     0.147284     0.146760
     0.146106     0.145595     0.145128     0.144693     0.144494
     0.144133     0.143744     0.143387     0.143001     0.142632
     0.142187     0.141810     0.141464     0.141098     0.140838
     0.140557     0.140210     0.139808     0.139474     0.139140
     0.138751     0.138385     0.138051     0.137773     0.137451
     0.137062     0.136674     0.136246     0.135818     0.135429
     0.135040     0.134787     0.134494     0.134297     0.134100
     0.133741     0.133544     0.133401     0.133242     0.135928
     0.135488     0.135048     0.134503     0.133928     0.133331
     0.132712     0.132065     0.131384     0.130690     0.129995
     0.129301     0.128620     0.127940     0.127260     0.126566
     0.125826     0.125098     0.124171     0.123093     0.122090
     0.121190     0.120263     0.119336     0.118500     0.117573
     0.116567     0.115602     0.114736     0.113971     0.113241
     0.112535     0.111906     0.111281     0.110755     0.110258
     0.109768     0.109300     0.108876     0.108484     0.108077
     0.107660     0.107204     0.106734     0.106220     0.105749
     0.105333     0.104900     0.104529     0.104358     0.104286
     0.104154     0.103953     0.103781     0.103609     0.103406
     0.103233     0.103110     0.102950     0.102752     0.102536
     0.102315     0.102060     0.101792     0.101520     0.101254
     0.100958     0.100692     0.100411     0.100116    0.0998353
    0.0995687    0.0993277    0.0991523    0.0989968    0.0988958
    0.0987489    0.0985220    0.0983895    0.0981785    0.0979835
    0.0978350    0.0977473    0.0976995    0.0976676    0.0976466
    0.0976215    0.0975963    0.0975934    0.0976289    0.0977053
    0.0977841    0.0978282    0.0978898    0.0980035    0.0981171
    0.0982308    0.0983751    0.0984632    0.0985667    0.0987177
    0.0988534    0.0990045    0.0991402    0.0992493    0.0993320
    0.0993731    0.0993844    0.0994062    0.0994254    0.0994604
    0.0994796    0.0995001    0.0994805    0.0994608    0.0994508
    0.0994298    0.0994143    0.0993733    0.0993123    0.0991376
    0.0988035    0.0984694    0.0980576    0.0976226    0.0971467
    0.0966707    0.0961716    0.0956368    0.0951191    0.0946841
    0.0943132    0.0938538    0.0933712    0.0928885    0.0924292
    0.0920080    0.0916024    0.0912281    0.0908673    0.0904164
    0.0899046    0.0893928    0.0888745    0.0884174    0.0879391
    0.0874354    0.0869317    0.0864280    0.0859497    0.0855181
    0.0852358    0.0850721    0.0849085    0.0848633    0.0848414
    0.0848195    0.0847976    0.0847990    0.0848360    0.0848967
    0.0848748    0.0847413    0.0846961    0.0846742    0.0846523
    0.0846072    0.0979182    0.0975387    0.0971591    0.0967993
    0.0964869    0.0961311    0.0957753    0.0954629    0.0951585
    0.0948461    0.0945337    0.0942294    0.0939250    0.0936897
    0.0935152    0.0932798    0.0929835    0.0927482    0.0925537
    0.0922877    0.0921341    0.0920958    0.0921184    0.0921815
    0.0922446    0.0923983    0.0925520    0.0926811    0.0929737
    0.0933572    0.0936500    0.0939166    0.0942936    0.0946207
    0.0948874    0.0950658    0.0952719    0.0954393    0.0955633
    0.0956792    0.0958032    0.0958366    0.0959719    0.0961072
    0.0962007    0.0962061    0.0962119    0.0963391    0.0963521
    0.0963652    0.0964566    0.0964357    0.0964076    0.0963258
    0.0961963    0.0960168    0.0957894    0.0955620    0.0952512
    0.0948921    0.0945741    0.0943611    0.0941981    0.0939299
    0.0937260    0.0935485    0.0934085    0.0932815    0.0931933
    0.0931050    0.0929597    0.0928145    0.0927795    0.0926630
    0.0925180    0.0923262    0.0921616    0.0920771    0.0919606
    0.0918689    0.0917472    0.0916491    0.0915717    0.0915015
    0.0914137    0.0913332    0.0912922    0.0911637    0.0909397
    0.0907316    0.0904443    0.0901711    0.0898834    0.0897853
    0.0897016    0.0895087    0.0892355    0.0890345    0.0889059
    0.0887077    0.0884922    0.0883164    0.0881406    0.0879624
    0.0878079    0.0876796    0.0876035    0.0875297    0.0874363
    0.0873166    0.0872541    0.0872227    0.0872158    0.0872040
    0.0871947    0.0871957    0.0871968    0.0872083    0.0873064
    0.0874999    0.0876886    0.0879601    0.0882888    0.0886176
    0.0887568    0.0888799    0.0891139    0.0894427    0.0897218
    0.0899355    0.0902410    0.0906049    0.0910099    0.0914241
    0.0918878    0.0923994    0.0929133    0.0932945    0.0937308
    0.0941670    0.0945344    0.0948063    0.0950773    0.0954006
    0.0957750    0.0962427    0.0969397    0.0976368    0.0983648
    0.0990819    0.0998159     0.100548     0.101277     0.101942
     0.102607     0.103272     0.103953     0.104618     0.105282
     0.105928     0.106569     0.107188     0.107766     0.108320
     0.108865     0.109343     0.109721     0.130967     0.130692
     0.130417     0.130143     0.129848     0.129525     0.129202
     0.128879     0.128513     0.128169     0.127824     0.127480
     0.127136     0.126813     0.126465     0.126142     0.125920
     0.125710     0.125528     0.125380     0.125268     0.125206
     0.125180     0.125240     0.125384     0.125544     0.125708
     0.125936     0.126303     0.126683     0.127064     0.127467
     0.127948     0.128429     0.128909     0.129408     0.129937
     0.130509     0.131281     0.132096     0.132890     0.133525
     0.134077     0.134671     0.135241     0.135836     0.136363
     0.136788     0.137140     0.137493     0.137828     0.138164
     0.138492     0.138849     0.139179     0.139482     0.139760
     0.140034     0.140240     0.140311     0.140365     0.140419
     0.140467     0.140443     0.140430     0.140423     0.140472
     0.140653     0.140872     0.140932     0.140992     0.141107
     0.141380     0.141736     0.142050     0.142409     0.142877
     0.143500     0.144123     0.144871     0.145654     0.146567
     0.147480     0.148358     0.149291     0.150304     0.151319
     0.152482     0.153633     0.154852     0.156053     0.157310
     0.158635     0.160086     0.161556     0.163045     0.164565
     0.166023     0.167385     0.168696     0.169965     0.171256
     0.172492     0.173741     0.175050     0.176463     0.177940
     0.179358     0.180665     0.182075     0.183317     0.184730
     0.186125     0.187666     0.189317     0.191022     0.192679
     0.194337     0.195913     0.197501     0.199090     0.200720
     0.202453     0.204240     0.205928     0.207598     0.209248
     0.210868     0.212573     0.214421     0.216239     0.218167
     0.220077     0.221987     0.223912     0.225777     0.227568
     0.229223     0.230857     0.232491     0.234047     0.235732
     0.237207     0.238684     0.240014     0.241230     0.242306
     0.243350     0.244394     0.245395     0.246396     0.247344
     0.248252     0.249019     0.249664     0.250265     0.250860
     0.251444     0.252021    0.0851015    0.0850242    0.0848846
    0.0847329    0.0846613    0.0845096    0.0843205    0.0841149
    0.0839094    0.0837038    0.0834843    0.0832787    0.0830592
    0.0828397    0.0826271    0.0823965    0.0821659    0.0819348
    0.0817140    0.0815128    0.0812922    0.0810909    0.0808816
    0.0806919    0.0805078    0.0803344    0.0801554    0.0799640
    0.0797849    0.0796266    0.0795024    0.0793613    0.0792201
    0.0791640    0.0791200    0.0789959    0.0789519    0.0789453
    0.0789552    0.0789796    0.0790787    0.0792543    0.0794159
    0.0795951    0.0797875    0.0799987    0.0802279    0.0804741
    0.0807144    0.0809720    0.0812370    0.0815203    0.0818118
    0.0821190    0.0824337    0.0827555    0.0830666    0.0833712
    0.0836824    0.0840022    0.0843096    0.0845941    0.0849014
    0.0852207    0.0855173    0.0858257    0.0861358    0.0864651
    0.0868255    0.0872047    0.0875969    0.0879298    0.0882016
    0.0884735    0.0887508    0.0890438    0.0892892    0.0895345
    0.0897848    0.0900580    0.0903202    0.0905689    0.0908050
    0.0910721    0.0913702    0.0916609    0.0919449    0.0922295
    0.0925206    0.0928052    0.0930998    0.0933863    0.0936727
    0.0939592    0.0942336    0.0945080    0.0947705    0.0950314
    0.0952730    0.0954835    0.0956753    0.0958395    0.0959884
    0.0961357    0.0962831    0.0964214     0.100222     0.100388
     0.100556     0.100736     0.100918     0.101106     0.101300
     0.101493     0.101691     0.101946     0.102201     0.102466
     0.102764     0.103062     0.103363     0.103687     0.104030
     0.104386     0.104734     0.105101     0.105461     0.105788
     0.106142     0.106507     0.106934     0.107328     0.107711
     0.108115     0.108521     0.108996     0.109458     0.109925
     0.110458     0.111031     0.111598     0.112163     0.112754
     0.113340     0.113934     0.114523     0.115081     0.115721
     0.116355     0.116970     0.117621     0.118310     0.118988
     0.119688     0.120389     0.121239     0.122069     0.122924
     0.123814     0.124680     0.125576     0.126440     0.127426
     0.128430     0.129407     0.130394     0.131339     0.132327
     0.133342     0.134293     0.135200     0.136101     0.137003
     0.137884     0.138764     0.139640     0.140532     0.141415
     0.142215     0.143013     0.143903     0.144863     0.145802
     0.146749     0.147709     0.148662     0.149467     0.150265
     0.151003     0.151701     0.152395     0.153050     0.153673
     0.154206     0.154721     0.155231     0.155722     0.156173
     0.156572     0.156926    0.0979545    0.0979315    0.0978354
    0.0977305    0.0976090    0.0974624    0.0973080    0.0971632
    0.0969927    0.0968223    0.0966223    0.0963845    0.0961328
    0.0958660    0.0955905    0.0952928    0.0950062    0.0947042
    0.0943982    0.0940854    0.0937491    0.0934251    0.0931134
    0.0928067    0.0924887    0.0921628    0.0918424    0.0915051
    0.0911733    0.0908258    0.0904729    0.0901010    0.0897295
    0.0894275    0.0891174    0.0887847    0.0884754    0.0881669
    0.0878489    0.0875433    0.0872369    0.0869517    0.0867048
    0.0864717    0.0862539    0.0860446    0.0858492    0.0856400
    0.0854440    0.0852525    0.0850155    0.0847782    0.0845236
    0.0842453    0.0839631    0.0836885    0.0834092    0.0831299
    0.0828620    0.0825939    0.0823472    0.0821116    0.0818837
    0.0816564    0.0814264    0.0812133    0.0810395    0.0808621
    0.0806795    0.0804969    0.0803275    0.0801587    0.0799915
    0.0798236    0.0796530    0.0794844    0.0793109    0.0791458
    0.0789885    0.0788440    0.0787004    0.0785981    0.0785185
    0.0784399    0.0783767    0.0783294    0.0782925    0.0782733
    0.0782402    0.0781970    0.0781642    0.0781450    0.0781260
    0.0781071    0.0780924    0.0780875    0.0780826    0.0780826
    0.0780830    0.0781003    0.0781190    0.0781364    0.0781509
    0.0781705    0.0781920    0.0782206    0.0782520    0.0782835
    0.0783199    0.0783464    0.0783588    0.0783756    0.0784021
    0.0784268    0.0784566    0.0784853    0.0785021    0.0785168
    0.0785374    0.0785718    0.0786164    0.0786574    0.0786970
    0.0787365    0.0787860    0.0788407    0.0788920    0.0789488
    0.0789951    0.0790464    0.0790983    0.0791624    0.0792376
    0.0793214    0.0794168    0.0795103    0.0796042    0.0796932
    0.0797973    0.0798966    0.0800083    0.0801243    0.0802411
    0.0803646    0.0804942    0.0806238    0.0807516    0.0808795
    0.0810024    0.0811227    0.0812587    0.0814217    0.0816020
    0.0817579    0.0819138    0.0820779    0.0822432    0.0824174
    0.0826024    0.0828057    0.0830089    0.0832294    0.0834363
    0.0836717    0.0839397    0.0842156    0.0844957    0.0847754
    0.0850701    0.0853697    0.0856750    0.0859786    0.0862764
    0.0865750    0.0869387    0.0873701    0.0878015    0.0882329
    0.0886643    0.0890957    0.0895239    0.0899363    0.0903218
    0.0906833    0.0910568    0.0914304    0.0917858    0.0921347
    0.0924749    0.0927986    0.0931096    0.0934206    0.0831208
    0.0827555    0.0823903    0.0819928    0.0815953    0.0811978
    0.0808003    0.0804096    0.0800189    0.0796161    0.0792064
    0.0788099    0.0784255    0.0780411    0.0776508    0.0772605
    0.0768577    0.0764767    0.0761301    0.0758587    0.0756296
    0.0753725    0.0751154    0.0748630    0.0746533    0.0744989
    0.0743828    0.0742799    0.0741986    0.0741434    0.0741006
    0.0740687    0.0740369    0.0740118    0.0740333    0.0740548
    0.0740947    0.0741347    0.0741678    0.0742009    0.0742462
    0.0742798    0.0743003    0.0743273    0.0743552    0.0743920
    0.0744457    0.0745266    0.0745928    0.0746317    0.0746527
    0.0746885    0.0747423    0.0747811    0.0748200    0.0748714
    0.0752314    0.0755787    0.0759533    0.0763279    0.0767659
    0.0771914    0.0776520    0.0781278    0.0786190    0.0792139
    0.0796797    0.0801382    0.0805967    0.0811580    0.0817297
    0.0823118    0.0829184    0.0835309    0.0841442    0.0847759
    0.0853852    0.0859970    0.0865941    0.0871865    0.0878131
    0.0884055    0.0890025    0.0895949    0.0902214    0.0908788
    0.0915668    0.0919192    0.0922715    0.0926435    0.0930207
    0.0933345    0.0936483    0.0939337    0.0942040    0.0944520
    0.0945822    0.0948413    0.0950894    0.0953374    0.0954827
    0.0956175    0.0957419    0.0958603    0.0959728    0.0960659
     0.127034     0.127075     0.127118     0.127177     0.127236
     0.127287     0.127338     0.127389     0.127470     0.127521
     0.127571     0.127694     0.127897     0.128126     0.128529
     0.129038     0.129692     0.130366     0.131084     0.131793
     0.132511     0.133268     0.134064     0.134858     0.135664
     0.136476     0.137322     0.138245     0.139176     0.140107
     0.141074     0.142078     0.143155     0.144232     0.145508
     0.146944     0.148458     0.150097     0.151751     0.153417
     0.155149     0.156890     0.158658     0.160394     0.162126
     0.163673     0.165146     0.166474     0.167782     0.169025
     0.170289     0.171697     0.173163     0.174607     0.176218
     0.177887     0.179697     0.181591     0.183554     0.185626
     0.187698     0.189886     0.192157     0.194421     0.196722
     0.198859     0.201075     0.203224     0.205428     0.207853
     0.210411     0.213217     0.216013     0.219004     0.222074
     0.225274     0.228643     0.231981     0.235328     0.239025
     0.243093     0.247152     0.251081     0.255049     0.259135
     0.263330     0.267740     0.272007     0.276155     0.280158
     0.284040     0.287922     0.291651     0.295261     0.298804
     0.302310     0.305763     0.308979     0.312191     0.315223
     0.318020     0.320641     0.322979     0.325317    0.0880267
    0.0881418    0.0882714    0.0884143    0.0885791    0.0887453
    0.0889286    0.0891119    0.0893018    0.0894941    0.0896866
    0.0898895    0.0901423    0.0903970    0.0906648    0.0909662
    0.0912694    0.0915729    0.0918740    0.0921750    0.0924805
    0.0927836    0.0930965    0.0934242    0.0937594    0.0940867
    0.0944139    0.0947510    0.0951019    0.0954502    0.0957984
    0.0961406    0.0964778    0.0968122    0.0971439    0.0974661
    0.0978032    0.0981356    0.0984736    0.0988156    0.0991712
    0.0995626    0.0999894     0.100386     0.100806     0.101261
     0.101730     0.102222     0.102733     0.103261     0.103791
     0.104319     0.104912     0.105584     0.106266     0.106943
     0.107626     0.108313     0.109011     0.109715     0.110435
     0.111175     0.111917     0.112708     0.113560     0.114412
     0.115264     0.116113     0.116962     0.117845     0.118766
     0.119680     0.120588     0.121490     0.122391     0.123322
     0.124263     0.125179     0.126084     0.127133     0.128175
     0.129218     0.130285     0.131310     0.132247     0.133316
     0.134498     0.135686     0.136866     0.138040     0.139334
     0.140742     0.142174     0.143653     0.145067     0.146419
     0.147768     0.149125     0.150500     0.151940     0.153413
     0.154919     0.156496     0.158087     0.159727     0.161504
     0.163339     0.165160     0.167039     0.168974     0.170819
     0.172811     0.175011     0.177317     0.179698     0.182160
     0.184532     0.186784     0.189080     0.191452     0.193894
     0.196217     0.198379     0.200513     0.202598     0.204780
     0.207057     0.209435     0.211901     0.214448     0.217032
     0.219659     0.222318     0.225024     0.227814     0.230514
     0.233059     0.235490     0.237876     0.240183     0.242420
     0.244579     0.246581     0.248371     0.250029     0.251588
     0.253064     0.254470     0.255876     0.257225     0.159392
     0.159126     0.158854     0.158572     0.158279     0.157985
     0.157685     0.157377     0.157067     0.156755     0.156433
     0.156079     0.155691     0.155304     0.154901     0.154488
     0.154068     0.153664     0.153273     0.152884     0.152524
     0.152152     0.151761     0.151391     0.151050     0.150716
     0.150364     0.149996     0.149632     0.149267     0.148908
     0.148534     0.148125     0.147713     0.147291     0.146878
     0.146466     0.146062     0.145666     0.145270     0.144875
     0.144492     0.144139     0.143820     0.143489     0.143173
     0.142839     0.142540     0.142255     0.141980     0.141736
     0.141487     0.141241     0.141018     0.140836     0.140673
     0.140510     0.140372     0.140262     0.140158     0.140058
     0.139958     0.139898     0.139886     0.139883     0.139900
     0.139906     0.139912     0.139929     0.139950     0.139972
     0.139995     0.140038     0.140094     0.140168     0.140263
     0.140388     0.140588     0.140782     0.140972     0.141169
     0.141397     0.141664     0.141944     0.142252     0.142590
     0.142997     0.143450     0.143903     0.144367     0.144835
     0.145318     0.145817     0.146318     0.146826     0.147335
     0.147846     0.148373     0.148906     0.149465     0.150076
     0.150710     0.151345     0.151960     0.152564     0.153148
     0.153726     0.154277     0.154787     0.155280     0.155768
     0.156244     0.156691     0.157107     0.157587     0.158038
     0.158440     0.158770     0.159053     0.159337     0.159609
     0.159882     0.160140     0.160380     0.160607     0.160826
     0.161044     0.161260     0.161474     0.161681     0.187024
     0.187193     0.187387     0.187595     0.187808     0.188021
     0.188234     0.188456     0.188677     0.188934     0.189226
     0.189660     0.190093     0.190600     0.191115     0.191649
     0.192243     0.192904     0.193562     0.194241     0.194918
     0.195604     0.196369     0.197214     0.198060     0.199000
     0.200014     0.201070     0.202145     0.203288     0.204416
     0.205588     0.206983     0.208440     0.210029     0.211635
     0.213243     0.214864     0.216573     0.218385     0.220203
     0.222156     0.223973     0.226023     0.228086     0.230203
     0.232378     0.234705     0.237009     0.239343     0.241660
     0.244064     0.246675     0.249264     0.251780     0.254408
     0.257003     0.259805     0.262588     0.265614     0.268603
     0.271848     0.275117     0.278395     0.281642     0.284856
     0.288244     0.291940     0.295708     0.299384     0.303130
     0.307059     0.310893     0.314989     0.319087     0.323152
     0.327422     0.331888     0.336234     0.340670     0.345133
     0.349722     0.354419     0.358972     0.363840     0.369065
     0.374187     0.379259     0.384398     0.389860     0.395107
     0.400331     0.405376     0.410423     0.415316     0.420155
     0.424788     0.429317     0.433629     0.437846     0.442235
     0.446451     0.450444     0.454360     0.458010     0.461424
     0.464786     0.467878     0.470700     0.473427     0.476003
     0.478506     0.480878     0.483046     0.485132     0.486851
     0.348651     0.348376     0.348092     0.347799     0.347481
     0.347085     0.346562     0.345898     0.345200     0.344501
     0.343761     0.342995     0.342203     0.341403     0.340604
     0.339805     0.338996     0.338319     0.337713     0.337056
     0.336411     0.335705     0.335009     0.334323     0.333622
     0.332807     0.331978     0.331129     0.330283     0.329422
     0.328561     0.327707     0.326818     0.325926     0.325012
     0.324122     0.323310     0.322625     0.322082     0.321572
     0.321064     0.320596     0.320155     0.319740     0.319374
     0.319008     0.318600     0.318202     0.317871     0.317515
     0.317179     0.316839     0.316557     0.316323     0.316041
     0.315812     0.315711     0.315648     0.315625     0.315599
     0.315569     0.315545     0.315519     0.315533     0.315556
     0.315612     0.315680     0.315748     0.315825     0.315901
     0.315973     0.316065     0.316175     0.316322     0.316469
     0.316573     0.316677     0.316842     0.317076     0.317357
     0.317599     0.317917     0.318451     0.319014     0.319691
     0.320712     0.321767     0.322977     0.324247     0.325583
     0.327120     0.328701     0.330315     0.331931     0.333551
     0.335170     0.336860     0.338633     0.340501     0.342393
     0.344317     0.346249     0.348163     0.350060     0.351921
     0.353781     0.355641     0.357501     0.359343     0.361117
     0.362839     0.364560     0.366245     0.367718     0.369158
     0.370435     0.371418     0.372316

